0.487009 0
1.363603 0
2.466710 0
6.178962 0
7.213943 0
8.135981 0
9.193306 0
9.813552 0
10.827251 0
13.685108 0
15.376042 0
16.462402 0
18.889201 0
22.038220 0
24.359633 0
25.087960 0
28.432408 0
30.668379 0
32.772419 0
33.139792 0
35.335573 0
36.335408 0
38.973504 0
44.051985 0
48.965825 0
54.123736 0
60.256079 0
64.202539 0
65.921900 0
66.452064 0
67.897778 0
68.525439 0
70.614292 0
72.710443 0
73.314437 0
73.671873 0
75.601420 0
78.886592 0
82.071909 0
87.707103 0
88.276453 0
89.854108 0
90.405780 0
91.348508 0
94.757435 0
95.355624 0
95.805405 0
96.993114 0
97.389095 0
98.575954 0