0.017453 12
0.020750 11
0.023416 15
0.028357 5
0.032174 19
0.036200 12
0.041880 15
0.054199 5
0.056250 8
0.059205 2
0.060045 14
0.068216 16
0.074653 0
0.077178 11
0.079441 10
0.090193 4
0.090833 8
0.092381 19
0.100236 9
0.105600 5
0.107413 8
0.112531 9
0.115771 4
0.118138 17
0.120747 12
0.124059 2
0.126461 1
0.126566 11
0.126983 9
0.132376 19
0.145653 13
0.147648 3
0.156164 1
0.195984 18
0.197323 7
0.219236 16
0.220285 1
0.222283 6
0.241030 7
0.256487 8
0.257343 15
0.260647 13
0.264177 12
0.266201 4
0.272108 15
0.274770 11
0.284667 10
0.287025 18
0.287324 11
0.294922 8
0.296922 12
0.298774 14
0.308679 3
0.308807 12
0.311845 17
0.313160 2
0.313187 15
0.316517 13
0.316598 11
0.322809 9
0.330334 0
0.340458 18
0.340861 3
0.341696 8
0.342178 16
0.352937 12
0.354865 0
0.356712 13
0.359655 9
0.364076 15
0.367417 12
0.367773 7
0.371069 9
0.372247 8
0.373101 16
0.382044 15
0.391571 0
0.407402 6
0.424410 2
0.429051 10
0.429052 7
0.441390 11
0.441728 4
0.445916 12
0.452474 1
0.459654 19
0.460086 0
0.477189 19
0.480401 13
0.481759 2
0.483243 6
0.484667 17
0.484702 9
0.487696 18
0.504872 15
0.505776 17
0.510204 5
0.515655 13
0.515713 0
0.518075 15
0.524640 6
0.525217 4
0.530097 16
0.531311 0
0.533902 9
0.536768 18
0.542473 15
0.543134 5
0.546790 4
0.556654 19
0.568665 2
0.585599 2
0.587482 18
0.594635 17
0.595495 6
0.599254 14
0.605696 6
0.608535 16
0.608745 11
0.619460 12
0.633362 9
0.641176 19
0.641912 12
0.644227 9
0.654046 0
0.664951 5
0.675324 16
0.691037 1
0.695813 16
0.698841 18
0.699413 0
0.700317 19
0.702084 12
0.720165 14
0.729818 5
0.732344 18
0.733831 19
0.736694 11
0.749783 12
0.753998 13
0.758803 18
0.762283 14
0.775354 13
0.777223 0
0.782239 14
0.788552 0
0.792314 9
0.797685 2
0.800118 19
0.801034 1
0.803862 13
0.805779 15
0.812420 19
0.812633 8
0.822201 18
0.823179 8
0.836402 12
0.840125 13
0.840597 19
0.844229 7
0.847954 15
0.849188 8
0.857999 3
0.864943 9
0.867193 13
0.872960 17
0.873963 15
0.878771 4
0.881185 9
0.884383 1
0.899198 0
0.901293 1
0.911918 17
0.918744 10
0.924089 8
0.927402 15
0.945637 15
0.949235 18
0.952509 19
0.969808 6
0.971981 11
0.978848 18
0.989671 0
0.999756 9
1.000631 0
1.002723 18
1.021758 5
1.023567 12
1.030298 4
1.033685 6
1.040310 8
1.043003 1
1.050023 6
1.052021 12
1.058288 15
1.059428 17
1.062633 10
1.065316 3
1.069446 2
1.091050 19
1.100771 8
1.103508 5
1.104806 9
1.114584 7
1.116627 6
1.117231 0
1.122748 5
1.149885 0
1.152094 10
1.154023 9
1.154313 11
1.157523 13
1.160539 2
1.179062 12
1.179127 19
1.183712 15
1.186130 16
1.194023 11
1.196649 2
1.223139 12
1.225011 11
1.227597 6
1.231799 5
1.232447 14
1.237992 11
1.244854 9
1.250445 3
1.253727 7
1.262596 10
1.265628 13
1.274188 14
1.275193 8
1.276239 15
1.285077 9
1.287185 5
1.289207 8
1.290962 7
1.307967 1
1.313241 10
1.313565 19
1.324316 2
1.339012 4
1.343951 2
1.345201 3
1.345465 13
1.351380 10
1.353274 12
1.358076 16
1.368490 19
1.372847 0
1.373552 1
1.375227 4
1.375312 12
1.375873 14
1.380802 18
1.382441 15
1.392965 1
1.402230 5
1.406658 16
1.424286 2
1.437676 18
1.440130 16
1.467753 15
1.473065 18
1.480019 3
1.480923 9
1.485340 15
1.489283 14
1.490691 8
1.492613 5
1.493405 1
1.494472 19
1.495348 4
1.497606 10
1.498264 7
1.505497 5
1.517053 13
1.517641 1
1.528015 17
1.530785 14
1.542651 9
1.546805 2
1.548123 16
1.554694 4
1.558627 8
1.561681 16
1.563368 6
1.571825 12
1.576254 17
1.577086 7
1.578363 15
1.587214 3
1.594110 4
1.597743 1
1.598265 10
1.616766 5
1.618945 13
1.628584 17
1.635727 5
1.641190 15
1.643632 6
1.645991 5
1.646047 8
1.651271 12
1.654022 18
1.656525 0
1.656674 4
1.669209 9
1.678573 17
1.679862 19
1.687132 16
1.689446 18
1.693497 10
1.697130 4
1.713557 8
1.721791 0
1.722923 16
1.723903 8
1.724831 11
1.727274 15
1.728730 12
1.740942 2
1.742135 19
1.754843 7
1.756380 13
1.766838 3
1.775330 19
1.780975 2
1.781397 0
1.783341 13
1.788606 4
1.796675 8
1.801338 2
1.806501 14
1.809735 13
1.820191 2
1.833919 18
1.835178 13
1.835611 9
1.841686 19
1.842212 0
1.844519 10
1.844590 12
1.862588 11
1.864212 5
1.866731 19
1.870702 4
1.876561 1
1.882203 17
1.894908 1
1.908050 8
1.911721 2
1.920520 10
1.924120 9
1.924469 15
1.926129 4
1.929640 2
1.931122 14
1.934611 19
1.935424 3
1.938247 7
1.939601 6
1.944528 18
1.950584 10
1.957372 6
1.960345 16
1.961255 5
1.961954 2
1.967698 13
1.983869 7
1.989402 19
2.004582 18
2.013638 16
2.014053 13
2.017498 18
2.021426 11
2.021743 12
2.025703 8
2.035848 7
2.042378 2
2.043784 19
2.046900 17
2.051317 0
2.055426 18
2.064003 0
2.065971 18
2.078919 6
2.084341 2
2.085520 9
2.091857 3
2.091860 7
2.103390 7
2.105398 12
2.109336 19
2.112404 11
2.113595 18
2.118268 7
2.120443 3
2.120696 14
2.124155 6
2.128377 11
2.128885 9
2.133600 19
2.134587 1
2.136412 14
2.142516 8
2.149535 9
2.151521 18
2.152792 0
2.160328 4
2.166378 1
2.175671 14
2.177020 5
2.192141 8
2.195941 9
2.198306 3
2.203303 4
2.219005 17
2.221268 1
2.223278 13
2.223988 10
2.238065 9
2.242651 10
2.246304 16
2.247195 4
2.247336 18
2.256145 12
2.267488 11
2.270746 8
2.274578 5
2.284022 1
2.284620 4
2.293957 5
2.295480 8
2.296723 0
2.302088 14
2.303157 3
2.328032 12
2.334620 1
2.335444 14
2.340336 16
2.342610 12
2.345562 9
2.348014 10
2.352073 6
2.369368 1
2.370784 8
2.372378 19
2.377214 15
2.382795 4
2.389228 3
2.401311 9
2.404255 8
2.404811 1
2.413437 7
2.416789 13
2.429961 13
2.435244 14
2.438240 11
2.447054 3
2.455790 19
2.458576 11
2.461138 12
2.463924 17
2.472778 8
2.487267 3
2.487381 1
2.489404 6
2.494677 19
2.514251 5
2.521843 9
2.523276 11
2.525843 2
2.529976 0
2.543461 5
2.546853 14
2.567337 15
2.571565 2
2.572888 6
2.573282 14
2.583218 5
2.586733 9
2.589052 11
2.602538 11
2.610687 1
2.613530 2
2.619058 17
2.623557 9
2.629565 16
2.644727 8
2.645375 4
2.648112 1
2.651334 0
2.655161 12
2.655574 11
2.656821 6
2.663609 4
2.670422 3
2.675323 18
2.677149 15
2.677164 8
2.679401 1
2.684005 11
2.686295 12
2.687428 5
2.692295 0
2.695810 17
2.711667 7
2.712665 9
2.714225 15
2.714895 3
2.724415 15
2.735475 4
2.752913 1
2.754833 19
2.763326 16
2.764826 3
2.778256 11
2.778285 2
2.778764 1
2.785458 10
2.795815 14
2.802906 12
2.818776 18
2.825958 12
2.826522 8
2.829069 18
2.843200 15
2.849618 1
2.854713 9
2.860583 12
2.865806 11
2.871382 13
2.875492 18
2.876297 16
2.891645 6
2.899154 1
2.903688 18
2.904222 7
2.906288 3
2.911070 9
2.912274 5
2.916667 1
2.925217 11
2.926641 3
2.948755 4
2.950601 16
2.951821 18
2.953358 1
2.957424 17
2.974269 12
2.977197 18
2.991636 15
2.994429 11
2.999854 5
3.007007 9
3.029891 0
3.034350 17
3.034443 1
3.035584 16
3.035749 8
3.037498 10
3.040984 18
3.051269 17
3.053043 15
3.054329 8
3.055818 2
3.062543 10
3.064962 19
3.065668 13
3.065696 11
3.067862 18
3.067916 15
3.068065 8
3.069058 9
3.069221 14
3.093336 5
3.095125 9
3.099650 14
3.111079 9
3.111692 13
3.112892 4
3.113185 1
3.144390 6
3.146901 7
3.157327 5
3.157520 11
3.159970 18
3.162040 2
3.162782 9
3.169213 19
3.174442 5
3.175615 16
3.184659 0
3.188953 13
3.191797 17
3.207816 13
3.220636 2
3.227443 7
3.227829 9
3.229298 14
3.234103 12
3.235725 0
3.255980 13
3.257926 0
3.268841 14
3.269590 3
3.279875 8
3.285288 14
3.289176 12
3.293478 13
3.295313 19
3.296576 4
3.302709 14
3.304847 6
3.313940 19
3.318982 14
3.320014 11
3.326134 12
3.328790 5
3.330065 10
3.332296 17
3.334119 6
3.339153 3
3.344024 16
3.344754 13
3.344832 10
3.346414 4
3.353781 17
3.359168 5
3.360986 8
3.363970 19
3.364629 7
3.376921 8
3.387625 15
3.388656 12
3.394842 2
3.403281 10
3.405475 17
3.409275 9
3.414552 10
3.416988 19
3.417883 5
3.429001 1
3.437487 2
3.439197 12
3.440804 1
3.444666 18
3.450652 3
3.452562 6
3.453581 12
3.455297 8
3.456515 18
3.464581 2
3.473456 13
3.474280 11
3.477077 18
3.478498 19
3.483225 17
3.489271 4
3.494826 17
3.498106 0
3.501122 11
3.501138 5
3.502330 16
3.503730 13
3.506934 1
3.515759 0
3.521830 1
3.535318 15
3.538580 8
3.539800 6
3.541635 0
3.548826 3
3.552043 5
3.553292 17
3.554808 0
3.556164 16
3.563385 4
3.566553 1
3.567238 13
3.568402 16
3.580635 10
3.581027 3
3.591333 2
3.592844 13
3.594020 12
3.606059 9
3.606417 14
3.608527 11
3.612062 0
3.617573 10
3.622845 16
3.629596 8
3.633511 17
3.633543 19
3.639623 9
3.647530 8
3.650430 15
3.653253 19
3.656773 6
3.657213 17
3.660401 9
3.660623 14
3.663430 18
3.666228 8
3.667871 12
3.671052 1
3.675261 11
3.683310 13
3.685528 2
3.692463 3
3.702735 17
3.704787 11
3.711380 16
3.712708 4
3.716248 17
3.717413 1
3.720244 18
3.724020 4
3.745431 8
3.746272 17
3.758622 14
3.763873 19
3.780229 15
3.786827 18
3.789353 19
3.796916 6
3.798360 2
3.798576 8
3.805475 18
3.817317 9
3.818788 6
3.818909 10
3.829120 16
3.830983 19
3.839434 12
3.848717 5
3.850204 3
3.851529 0
3.859372 8
3.860536 18
3.861201 1
3.868407 17
3.870095 8
3.876992 12
3.882242 1
3.882972 0
3.886948 10
3.906724 2
3.911782 17
3.937448 18
3.940850 2
3.941902 17
3.944301 5
3.946541 6
3.947118 15
3.947353 12
3.951070 14
3.953082 19
3.955715 13
3.959542 4
3.966629 17
3.966633 14
3.968135 12
3.968418 8
3.975702 7
3.981687 13
3.981779 3
3.985221 1
3.985916 18
3.987527 19
3.990224 5
3.999834 10
4.003924 18
4.004500 16
4.011975 5
4.012375 7
4.027589 17
4.031797 15
4.035577 18
4.037360 2
4.048798 18
4.049165 0
4.057670 8
4.068401 18
4.072607 11
4.077182 9
4.092256 5
4.100285 11
4.106383 1
4.118248 3
4.125427 14
4.151854 6
4.156417 16
4.160169 14
4.161639 13
4.163512 1
4.167256 6
4.171190 7
4.172008 19
4.174286 16
4.174539 2
4.175017 4
4.180882 8
4.181722 1
4.186915 4
4.189850 9
4.199768 4
4.205296 8
4.206795 13
4.208175 19
4.208311 6
4.216176 18
4.217243 5
4.232924 2
4.243812 15
4.248533 6
4.256607 0
4.259285 7
4.273273 10
4.277259 8
4.281743 5
4.282866 2
4.286870 15
4.287512 1
4.289448 8
4.295048 7
4.309527 18
4.319394 12
4.321348 3
4.321767 7
4.326571 1
4.330377 8
4.332101 13
4.332330 0
4.332703 4
4.338851 7
4.345105 14
4.348712 9
4.351038 13
4.356047 14
4.366139 12
4.369389 1
4.372206 0
4.374133 2
4.376815 6
4.379612 15
4.385508 11
4.388366 9
4.395979 19
4.398137 1
4.401017 18
4.402478 8
4.409584 0
4.411455 11
4.414224 18
4.414261 8
4.416124 7
4.418157 14
4.425491 18
4.428780 0
4.437518 15
4.445492 12
4.457905 10
4.471248 3
4.472780 5
4.494604 19
4.500276 17
4.504394 14
4.506882 12
4.507977 0
4.513805 2
4.516278 6
4.535756 11
4.536251 10
4.538486 1
4.538724 14
4.540580 18
4.542740 0
4.556579 10
4.559684 5
4.564243 19
4.571474 7
4.571487 18
4.575315 11
4.580459 3
4.581343 5
4.586669 15
4.587078 12
4.587947 2
4.592208 16
4.601881 10
4.602952 9
4.604882 11
4.611775 8
4.612744 3
4.622305 19
4.628112 7
4.634546 3
4.634925 13
4.643867 1
4.646494 8
4.654575 0
4.661626 6
4.692791 9
4.693578 16
4.700668 4
4.706129 6
4.710858 12
4.718100 3
4.720345 15
4.722595 14
4.727180 0
4.731436 9
4.739292 4
4.746417 15
4.747524 14
4.751437 18
4.752982 10
4.760500 13
4.764589 15
4.764725 10
4.767302 17
4.770684 8
4.793005 12
4.799753 17
4.815665 14
4.822431 10
4.827534 18
4.834544 11
4.843810 7
4.847248 12
4.850715 6
4.857977 18
4.859637 19
4.864210 1
4.864990 7
4.869307 4
4.870700 15
4.875146 3
4.878878 12
4.886116 3
4.891532 10
4.892995 14
4.895066 12
4.897147 1
4.897678 7
4.899725 9
4.902440 15
4.905766 16
4.907010 12
4.910758 14
4.912042 0
4.912247 2
4.922181 18
4.924811 11
4.929570 16
4.932360 14
4.940015 0
4.941612 2
4.942618 5
4.955898 1
4.967588 12
4.979991 17
4.987335 12
4.989294 16
4.994896 19
4.995186 3
4.997797 7
4.999177 6
4.999789 2
5.000949 1
5.013434 5
5.013738 18
5.014343 13
5.022223 6
5.022454 1
5.029549 0
5.039308 16
5.042400 1
5.043886 9
5.045076 18
5.048363 13
5.059609 9
5.060809 17
5.063392 1
5.065348 6
5.070879 11
5.083055 0
5.083475 17
5.084556 3
5.088890 13
5.089785 12
5.093527 10
5.115668 13
5.123894 8
5.134497 4
5.137920 0
5.139935 5
5.144892 19
5.157023 11
5.170609 14
5.182285 4
5.186428 9
5.188576 7
5.190466 11
5.190617 1
5.192810 16
5.196595 15
5.197609 9
5.204753 1
5.205394 7
5.208234 17
5.213344 12
5.217403 8
5.224190 12
5.225986 19
5.229739 10
5.234907 9
5.240889 17
5.241575 14
5.251563 0
5.252063 16
5.257136 12
5.258405 10
5.258672 1
5.261284 13
5.263874 15
5.272684 14
5.273145 13
5.276026 18
5.276469 10
5.276933 3
5.289658 14
5.295643 7
5.298519 9
5.303150 3
5.303377 18
5.304291 2
5.315644 18
5.327253 11
5.334217 13
5.341133 14
5.349615 9
5.350894 10
5.351487 4
5.355543 1
5.358503 15
5.360494 19
5.363743 12
5.366978 14
5.378067 2
5.386917 1
5.388826 19
5.390186 18
5.393675 2
5.395503 11
5.402987 15
5.409983 6
5.414889 13
5.422607 0
5.431252 7
5.432047 13
5.438469 10
5.441117 0
5.444796 12
5.449571 2
5.457315 14
5.461517 18
5.469492 11
5.470387 3
5.470868 7
5.471835 5
5.476270 6
5.478227 1
5.479876 17
5.482345 3
5.485230 14
5.486077 0
5.490714 6
5.498023 4
5.499835 1
5.502247 17
5.508983 19
5.509153 11
5.512808 8
5.515582 1
5.520987 7
5.524908 2
5.527721 13
5.530592 16
5.532766 8
5.538500 17
5.538625 15
5.543570 11
5.544552 1
5.545848 2
5.551461 6
5.552382 0
5.552713 19
5.553292 17
5.559077 8
5.563953 5
5.577380 9
5.577759 5
5.579822 17
5.583362 14
5.584575 18
5.585798 7
5.591121 13
5.591443 1
5.593934 3
5.599589 4
5.618051 0
5.627159 2
5.639005 11
5.640781 9
5.643347 5
5.644598 6
5.653119 11
5.653457 2
5.655021 16
5.657493 12
5.660731 4
5.662693 13
5.664059 14
5.666891 6
5.669164 15
5.672055 18
5.678579 4
5.680505 5
5.684026 13
5.684783 7
5.686823 10
5.687027 17
5.690330 15
5.691475 1
5.696541 14
5.698004 6
5.700857 15
5.707946 4
5.713566 10
5.724854 11
5.731166 9
5.732088 12
5.746469 15
5.748666 18
5.750203 14
5.761503 17
5.764507 5
5.770948 12
5.776909 8
5.785858 17
5.791288 15
5.801857 17
5.806272 19
5.809733 4
5.811200 6
5.814618 10
5.816632 8
5.818790 13
5.826529 2
5.827441 16
5.840605 18
5.841138 15
5.844497 1
5.858771 4
5.862191 3
5.862381 5
5.866084 11
5.881275 11
5.881310 16
5.883502 12
5.887794 0
5.893970 7
5.895471 13
5.899612 12
5.912710 7
5.913930 5
5.930327 0
5.931658 3
5.932353 5
5.935781 4
5.964177 5
5.969680 7
5.969933 6
5.971446 15
5.980036 2
5.987647 5
5.989098 15
5.991591 6
5.999779 0
6.000110 5
6.000162 17
6.006335 14
6.008648 15
6.015970 8
6.020698 10
6.023472 5
6.023507 12
6.023658 9
6.030204 16
6.041161 17
6.041664 16
6.041925 1
6.046394 5
6.056471 8
6.057794 4
6.064932 12
6.066609 5
6.068143 18
6.073089 0
6.073689 19
6.075949 8
6.080359 13
6.086109 11
6.086746 9
6.101830 19
6.104018 1
6.107551 13
6.113658 0
6.117891 11
6.125065 8
6.135030 19
6.141045 14
6.145615 18
6.154858 10
6.154959 6
6.155603 1
6.158418 14
6.163373 16
6.178852 0
6.179714 10
6.185051 9
6.196413 9
6.208693 0
6.209680 9
6.215725 17
6.220720 19
6.229975 11
6.233509 0
6.253757 0
6.267436 11
6.268819 2
6.271665 16
6.275292 1
6.280758 18
6.281103 19
6.284443 6
6.286113 9
6.288571 15
6.289350 14
6.291014 4
6.291022 10
6.298389 13
6.327525 0
6.328321 3
6.329919 5
6.331896 16
6.344889 2
6.351668 3
6.352395 11
6.361600 8
6.363308 4
6.365514 11
6.377779 0
6.379977 4
6.384046 10
6.389016 3
6.391564 1
6.405422 5
6.408951 7
6.410367 18
6.417494 17
6.417677 14
6.419016 1
6.422444 18
6.437794 15
6.457589 1
6.472431 12
6.476829 11
6.479513 1
6.488454 2
6.500355 5
6.511466 4
6.511923 7
6.518938 12
6.518967 9
6.519406 14
6.520664 8
6.531382 1
6.533462 0
6.541480 15
6.543027 6
6.544449 16
6.550994 14
6.559194 11
6.564820 3
6.565518 18
6.569382 0
6.570165 9
6.570669 8
6.578204 2
6.578804 15
6.584397 12
6.591639 5
6.598131 1
6.599269 4
6.601854 8
6.603432 15
6.605350 14
6.608380 18
6.610979 17
6.623796 15
6.633058 8
6.638581 15
6.639090 2
6.649820 3
6.655900 5
6.656744 19
6.659066 18
6.670341 14
6.670890 3
6.677463 17
6.682046 10
6.687608 0
6.692074 13
6.699720 9
6.707454 12
6.715062 19
6.722640 18
6.727420 2
6.727924 7
6.734244 5
6.737641 17
6.738989 19
6.744918 1
6.755430 15
6.756995 6
6.757133 19
6.765502 5
6.768585 10
6.769621 6
6.774585 13
6.775001 16
6.779045 12
6.781209 15
6.789591 0
6.790245 18
6.794063 13
6.797522 2
6.804451 9
6.807060 14
6.820588 16
6.825818 17
6.834544 13
6.860650 1
6.867205 19
6.867207 3
6.867565 0
6.877324 11
6.880371 6
6.882051 7
6.884954 12
6.891130 18
6.911958 7
6.918253 0
6.919865 14
6.921859 15
6.931404 0
6.936486 8
6.953997 9
6.958926 10
6.965766 14
6.969653 10
6.974883 19
6.977983 13
6.980473 18
6.981318 9
6.992105 5
6.998047 15
7.005034 19
7.010954 5
7.012540 3
7.012542 2
7.021481 13
7.029028 0
7.031634 16
7.035312 17
7.038790 5
7.042355 6
7.044416 10
7.046365 3
7.049577 18
7.051082 1
7.057034 9
7.072276 19
7.072360 0
7.073284 10
7.074399 16
7.076499 13
7.082634 5
7.089815 14
7.092539 12
7.093009 17
7.096821 16
7.099026 0
7.131578 3
7.133929 15
7.136547 13
7.138151 18
7.150727 8
7.155219 14
7.155277 16
7.155532 18
7.161631 4
7.168600 17
7.169282 19
7.170801 3
7.177090 18
7.198176 6
7.200853 13
7.203654 12
7.207498 11
7.213131 14
7.215609 1
7.216382 6
7.220703 10
7.227798 14
7.236556 11
7.249411 17
7.253014 16
7.257705 18
7.258053 4
7.266647 7
7.268822 5
7.269131 19
7.272111 1
7.296674 15
7.299207 3
7.304078 14
7.304468 16
7.306335 19
7.318880 0
7.323706 1
7.325087 4
7.326312 2
7.329859 3
7.333030 14
7.335107 11
7.340058 10
7.343064 16
7.346741 4
7.348428 3
7.354010 11
7.363037 0
7.363828 10
7.367433 12
7.368594 2
7.377974 1
7.378487 12
7.385117 2
7.393099 18
7.395445 9
7.397708 1
7.405149 17
7.410759 18
7.424311 12
7.430544 10
7.434654 12
7.437641 5
7.439718 9
7.440853 3
7.444604 17
7.446332 14
7.449231 12
7.449497 16
7.449636 0
7.456748 8
7.459215 4
7.460295 18
7.467916 12
7.474428 3
7.479936 0
7.484189 16
7.485649 2
7.505320 11
7.506993 1
7.509520 9
7.512497 18
7.513192 17
7.519409 12
7.520098 1
7.522935 4
7.525397 3
7.527372 19
7.529349 15
7.537375 17
7.544096 12
7.550554 13
7.552249 18
7.567802 9
7.569679 12
7.569987 8
7.576935 5
7.577162 14
7.594618 4
7.595441 8
7.596277 18
7.596878 15
7.605230 17
7.615072 8
7.627595 8
7.632019 6
7.635317 3
7.639679 10
7.640861 5
7.643221 7
7.645938 18
7.647592 6
7.654117 9
7.670412 1
7.677549 10
7.678812 3
7.680860 7
7.685379 9
7.686320 8
7.691025 11
7.697590 18
7.702819 5
7.703532 19
7.721490 6
7.722223 0
7.726723 10
7.728595 7
7.729432 11
7.732894 9
7.739092 14
7.743630 13
7.744089 1
7.761338 2
7.771594 3
7.773991 2
7.777336 14
7.788335 15
7.797720 4
7.801533 8
7.802112 6
7.804160 18
7.807469 0
7.815742 15
7.828378 12
7.834863 1
7.837438 16
7.846359 12
7.851783 0
7.852579 19
7.853443 18
7.856558 11
7.857466 2
7.861958 1
7.862008 0
7.869869 16
7.870216 2
7.872522 4
7.874509 8
7.883630 1
7.883805 15
7.887478 17
7.899288 11
7.900713 4
7.906433 7
7.919312 7
7.920137 8
7.921346 17
7.941282 4
7.947120 2
7.951968 0
7.955373 17
7.957456 19
7.965862 11
7.968581 3
7.969367 18
7.972828 1
7.999713 13
8.003958 8
8.004556 9
8.011205 18
8.014607 17
8.019229 10
8.019552 9
8.021837 5
8.029032 11
8.036590 1
8.037354 9
8.037441 18
8.040983 7
8.041469 3
8.042433 4
8.049429 12
8.053275 14
8.061698 13
8.064779 6
8.067268 9
8.070283 16
8.087488 2
8.090208 1
8.093238 11
8.097564 17
8.103643 4
8.104993 19
8.114074 3
8.114091 1
8.114525 16
8.121524 19
8.122595 9
8.126772 0
8.139359 0
8.139632 16
8.157514 0
8.161752 5
8.162776 19
8.167397 7
8.169339 1
8.174315 11
8.176998 4
8.178750 2
8.182292 18
8.192116 16
8.198650 9
8.200703 14
8.206270 11
8.208891 1
8.210979 8
8.219844 1
8.223897 2
8.227092 10
8.227690 17
8.230323 9
8.230819 3
8.237611 6
8.242680 8
8.250696 15
8.252320 16
8.254869 3
8.265812 4
8.268116 9
8.268291 19
8.268748 2
8.268977 10
8.275082 15
8.276676 4
8.281454 13
8.283103 7
8.290601 18
8.292563 15
8.293149 17
8.301482 6
8.303904 1
8.309920 14
8.313990 16
8.318403 2
8.326945 18
8.330926 7
8.331056 2
8.338045 14
8.338246 6
8.339321 13
8.345578 19
8.364728 15
8.370769 14
8.373109 5
8.375403 15
8.380463 16
8.382025 4
8.391029 15
8.393901 4
8.406919 19
8.417371 18
8.421236 11
8.424357 16
8.424477 2
8.433930 15
8.438890 1
8.440843 17
8.443292 2
8.448223 16
8.453866 8
8.462360 12
8.476415 17
8.489299 3
8.503304 12
8.504764 5
8.505396 14
8.506654 11
8.511825 16
8.524750 9
8.540732 18
8.541146 12
8.544140 0
8.544678 3
8.548289 4
8.548878 16
8.552521 12
8.561676 9
8.562673 15
8.574975 8
8.576260 0
8.587640 9
8.587653 12
8.589520 7
8.594964 18
8.599146 16
8.601708 5
8.602597 13
8.605294 11
8.613689 16
8.616522 10
8.617000 8
8.618772 12
8.620398 4
8.621109 18
8.626327 14
8.631251 3
8.631369 5
8.639299 17
8.640496 14
8.664594 17
8.667128 4
8.674054 6
8.674507 1
8.675795 12
8.683151 16
8.683731 4
8.690869 12
8.692126 2
8.701792 15
8.701847 9
8.707050 2
8.707591 12
8.708594 4
8.710965 14
8.721879 18
8.727965 1
8.735083 15
8.746960 15
8.747269 7
8.750379 10
8.757550 2
8.770749 16
8.770776 0
8.778810 4
8.791352 8
8.791810 10
8.800875 0
8.803402 11
8.821912 13
8.828201 12
8.831832 6
8.832724 8
8.836830 13
8.837174 0
8.844388 17
8.849448 16
8.858272 9
8.871329 11
8.872148 4
8.884210 18
8.885887 17
8.899435 18
8.901260 15
8.901754 6
8.909867 9
8.911332 18
8.914074 15
8.916091 7
8.921462 1
8.925003 9
8.933174 13
8.934218 2
8.934219 5
8.941116 17
8.956620 15
8.963892 6
8.964435 12
8.977319 18
8.979641 17
8.980602 1
8.981186 2
8.984793 6
8.987494 19
8.995440 11
9.004036 10
9.013218 8
9.019336 18
9.028418 16
9.030181 1
9.037442 12
9.044576 11
9.050986 14
9.051429 3
9.054323 4
9.060606 13
9.062204 19
9.066228 14
9.073009 5
9.077141 4
9.078491 18
9.080857 1
9.083567 11
9.093500 3
9.093762 17
9.094041 9
9.102758 1
9.103665 3
9.109336 9
9.114491 3
9.120203 16
9.124924 17
9.125335 10
9.133152 19
9.136599 17
9.137710 9
9.147968 4
9.157420 9
9.157420 6
9.161062 17
9.169337 5
9.171484 18
9.173361 10
9.180073 0
9.182376 18
9.194844 13
9.202732 12
9.202898 1
9.203718 10
9.205288 7
9.208026 13
9.209720 4
9.210839 18
9.212541 2
9.212629 5
9.214614 16
9.216731 8
9.218784 17
9.220118 14
9.229670 12
9.231171 8
9.239639 15
9.244757 5
9.245165 14
9.257739 11
9.259780 19
9.260053 2
9.262116 15
9.271132 18
9.272209 9
9.272858 14
9.273235 6
9.286249 18
9.289219 2
9.290970 10
9.294799 15
9.298581 12
9.299178 4
9.312903 4
9.319093 5
9.321533 17
9.321678 16
9.325644 13
9.330650 12
9.333713 16
9.340544 14
9.341039 12
9.350617 18
9.355852 0
9.359156 17
9.382203 13
9.387004 8
9.398595 12
9.400534 7
9.401953 15
9.402736 19
9.409602 2
9.415377 11
9.419390 14
9.431006 8
9.433962 17
9.435546 13
9.437361 5
9.445098 3
9.445817 7
9.454396 2
9.454700 0
9.458356 4
9.462781 19
9.466689 17
9.471136 14
9.472402 11
9.483591 15
9.489008 11
9.491447 6
9.502995 2
9.505331 13
9.508061 9
9.511273 0
9.514683 10
9.523762 0
9.525110 10
9.541780 10
9.545371 12
9.545821 0
9.546483 19
9.547747 3
9.549943 4
9.558702 6
9.561418 9
9.566240 12
9.568659 8
9.571765 18
9.575103 15
9.577068 5
9.577763 7
9.584262 14
9.585225 0
9.585759 12
9.587560 15
9.590418 4
9.600869 8
9.604463 12
9.610803 15
9.621314 4
9.625239 18
9.633580 12
9.638686 17
9.641929 8
9.642754 1
9.651502 6
9.653439 16
9.654764 8
9.660800 19
9.666284 8
9.668562 16
9.674742 3
9.675036 13
9.681079 18
9.685167 8
9.686602 9
9.687161 5
9.697790 4
9.698466 5
9.708814 15
9.715850 1
9.718118 6
9.720764 3
9.722704 0
9.731613 6
9.737839 19
9.739856 15
9.747573 8
9.756110 7
9.758701 16
9.759283 11
9.760028 0
9.761455 19
9.767559 7
9.767756 4
9.769923 11
9.772015 14
9.776926 0
9.778504 5
9.798454 14
9.807592 6
9.810669 2
9.812253 4
9.819323 10
9.822938 12
9.824014 1
9.834163 18
9.834595 8
9.835808 14
9.838598 5
9.847523 4
9.856769 19
9.860966 3
9.866641 17
9.878031 17
9.902221 1
9.904074 4
9.907572 19
9.922556 9
9.930349 4
9.930675 19
9.931005 1
9.931895 18
9.948247 17
9.949334 13
9.956076 3
9.963594 0
9.968690 16
9.969430 1
9.973823 9
9.978067 0
9.980442 7
9.981821 14
9.983486 2
9.989159 6
9.989889 3
9.993677 17
9.998886 4